5223316.687406587
4508445.06566311
5971738.954019702
8180970.428957316
6036111.667275081
5212501.215346316
5264397.540927835
6034519.879505334
6630766.876713576
5291325.305618279
8824869.363799602
6700531.613566035
5344002.372928496
5759841.698497325
6124813.131936619
6242194.707682762
6249089.509835157
6864595.679335839
6986934.428854693
6087212.363911917
5529593.744642405
5277425.568060075
5896443.138799714
7288285.558504311
6337847.510668255
7302444.211302007
6179318.30123888
6718495.101323923
8539473.675675176
9401424.485332819
7760909.572435943
6479551.815520148
6863791.091374025
6628732.840268649
6622165.378162832
5971257.7291639205
6038716.366549628
6344443.729827363
6345387.9078079015
6063415.148691734
7065241.5765782455
7386395.575239524
6962128.34299476
8211245.018748255
5803992.20844239
5667210.250777577
5318516.645942029
5922643.740035113
6502647.173859409
7443269.624728401
7913576.290888101
8912255.404090386
6549353.937350673
6029197.970933529
6890271.800299663
7638291.289655376
7766087.415110309
6464330.634027816
7160599.988666104
6528266.574860537
6638196.758483354
6026572.128196791
6158235.644979246
6355967.360167282
7493602.369194718
7827180.702585375
8992409.315750303
9152089.17377608
6708976.575555597
5238138.378857574
6956972.713655399
6336094.976612411
7034114.152942038
6458660.8258901555
6517957.540505527
5928140.89725175
6658400.425089207
5228410.407193794
7123803.851263395
7143830.235938244
7267155.968915479
7787186.160556482
8067677.473866693
8564524.216511635
6386401.250985213
6308269.920797607
5238147.473442591
5162017.158295741
6277848.048297745
6720233.649970872
6123976.338504425
5903280.227830168
5308858.680079887
6051623.907462912
6171724.738004181
6852318.369996166
6031465.251448367
6161382.859224005
6742455.859062977
7694422.592509954
8078811.874358049
8498619.128997544
6635063.958670518
5862267.377172859
6579936.504482154
6596927.012158787
7123526.710720783
7457980.576384858
8822653.73084275
8324779.848149132
7786149.278835294
8068544.450414561
7394374.557895737
6713529.8558187755
7142745.071459521
6421869.556718022
6854696.895725593
5957086.907633921
6477465.575032292
6208592.909982577
5578786.743465622
5455186.325017979
6787691.731650362
6140367.989281396
6411721.569146268
5987854.463144826
6395856.667025942
6353384.78322419
6444787.855804453
6448964.8853950845
7231434.600256042
7590255.097038082
6224974.063752023
6190501.707385298
8093271.821313388
8592563.463081038
6539295.788999724
6745944.393382938
6680862.866289331
7407518.800949719
7384182.281666618
7405201.01024453
9347294.55889056
8754413.52464596
5792858.285443993
4911886.061843252
6591545.9793694345
5901558.838243604
5520783.783600621
4990987.478162916
5745860.743034504
5629127.127020058
6915899.603671242
6230159.494695596
6147711.174022869
5647362.7787794005
6254035.946333103
6213677.979599344
6938284.430684274
6441399.812797539
6651566.069443503
6396078.989661925
7483773.961518003
6544138.5427085245
7380458.0678376565
6524981.867598328
7282623.462311768
6190363.601090538
6233600.994930983
6577448.270562043
15358583.526728801
14477135.930559922
5623142.705474532
6282942.127152187
5958372.546831367
4989647.406944949
5480834.073270336
5915507.139058892
5143825.570383489
4798279.57759162
4903618.488441227
5156107.3640757585
5180415.104384682
5307834.258253993
5314707.101031376
5149357.175050828
5362794.02924856
5583903.02457498
5263107.066292799
5770458.160768499
5322758.302308721
5782291.654553922
6176577.105783872
7606834.203411475
6558213.064870622
8019942.061794631
6126726.555482348
6693647.102914027
6008211.41599608
6748335.215077711
7451406.533237755
8458785.74275485
7493819.219299287
8003482.251010363
9110734.223862864
9365185.835212052
6744952.90076411
5983820.874027939
5950911.17615202
6141891.915683188
6663338.8396515995
6642267.690852575
7371530.818199402
8088900.873228587
5983799.592366866
6428429.177387791
6814860.848833682
7205810.683513082
5462551.14306457
5301740.950725835
5755485.958681706
5493896.207587559
5878299.316783131
5633729.19529237
5510462.508774182
5152702.990888295
6451755.644417756
6200423.111774029
5681112.805750343
5924664.7014703965
6464523.565198168
6956477.079540734
5991407.287928509
5774234.435332558
5799724.922748305
5960084.151352359
7575265.702310861
8151650.63256464
6171337.546987291
5399656.500550992
5877726.037551831
5570645.954666479
5541521.27372604
5530698.999735211
6274245.784694996
6355934.95318235
6295562.1335143605
6083921.294341965
6702774.351075169
6318878.310400581
6880627.0499798395
7171141.832514088
6321488.421768344
6115501.033305669
6547939.918497937
6352116.721371254
6799561.208274296
7242966.02882667
6135833.835036582
6196612.068621643
7374050.159848083
7914121.950664855
5923518.542840852
6175829.309144547
5842476.833147842
5386109.165944278
6200485.234409231
5589004.736985078
6587334.558588795
5871081.797348606
5886318.029581059
5780391.456119867
6487446.384220407
6136354.679103542
6091438.589990182
5690893.476641569
6006833.828209831
5943377.481813451
6073901.399333989
5913147.603454115
6572914.515246088
6446546.888767013
6058831.206800775
6435412.050677074
6157955.259867165
6104535.547341851
6051390.465692047
6281177.61792627
6218170.273123568
6755100.093304709
6712081.260530664
5780997.475840113
6433602.125573209
6174667.511022814
6265145.761559837
6013613.658550973
5626906.228059038
5644744.91729735
6357379.732837494
6499734.694892364
6700139.86048492
7243505.86728769
6453812.1233468
6787238.862821554
7717397.488445159
8230310.325371668
10261343.606116109
8546833.688095521
6141056.960896807
6279497.700442385
5658742.538844272
6012396.911682863
5704744.8006156655
5968301.211575004
6849631.643971555
5991807.551902045
6288342.241538685
6666561.188468635
6365106.3983832
6471022.559317305
6577538.966584403
7201445.931083085
7067042.037173543
7352132.510039197
4449316.825672546
4553167.164687546
7177929.787315538
7433216.060570954
7089060.8139211135
7653418.853462463
5973614.815401489
5327036.402147091
6443431.932157621
5669657.977775936
5705559.263246932
4875623.378999855
5092104.364968156
4691861.188186984
4422613.239178971
4717143.006449766
6363889.451060194
6051196.259058236
6561700.297355471
6064472.47636146
6449278.1006645
6331518.805945837
4629988.873415108
4417714.719577394
6640006.415983942
6928547.451933658
4403544.446084911
5402525.255724724
4739063.925061932
4748678.903442025
5136437.164198159
5359859.181624116
5010523.609483138
4660704.879040388
5224983.853021013
4824648.416518429
5944468.207361736
6735032.849448493
5403962.997917693
4888443.057664065
5787345.662282817
6630908.131924739
5436936.89630028
5320640.388925914
4578293.775805749
4898356.446116093
5002386.1931858845
5202104.987422731
4603455.151874997
4971931.226045463
4953337.55323129
5105972.545956261
5383258.442567002
5667342.059399642
4889334.197246665
5015900.975657139
6041165.879700201
5392243.185548688
5474132.011102979
5452557.429613528
5573217.718794831
5331516.215118667
5142668.919080606
4791642.534779158
11677109.311052721
7540330.499269007
3997663.5104553998
5415777.9167403085
5498458.814922272
5834008.029429263
5113143.880323575
5065773.280150777
5086503.378802597
4696971.614872446
5677094.524186138
5113796.34564998
5215532.995054062
5305054.568411918
9785538.906820092
10041129.126557954
12942599.331286402
13740750.656361043
12187315.983206416
13276870.55447875
12854599.2065565
12553029.448044905
4915378.499985838
5047751.278021535
5275961.85370702
5651331.977943025
4955970.784383759
5108052.677215903
5047685.911333877
4980776.8516789535
5583043.868150974
5204569.678797649
5252403.498744391
5306300.47997405
4424664.01238644
4336888.355262465
4276172.824784156
4368267.955737734
5064695.963282486
5073519.309322143
4991485.992682888
4970644.261150272
5192026.167929654
5260199.668125192
4915981.983382983
5221330.843214974
5331294.65863136
5681826.338444587
5355415.960414054
5083186.198101643
4586041.673172051
5088603.899700821
4789469.126465496
6205570.379245836
9973923.220231911
10942635.939773377
5624206.568033321
5075809.1720322445
5579607.960815427
5499958.695860485
5307279.4823555695
5327612.629033333
5339248.30526008
4636356.205812873
4814017.724432763
4203288.138776418
5208440.57557919
4727406.237850025
10306280.695669655
10186026.733348612
10548270.112985209
10514164.035777496
9867313.34857556
10148905.796522085
12944345.106888874
8343376.043332311
4984552.819304597
4854323.876577597
4777575.487069442
4851638.355094786
4537841.784517136
4833209.707616571
4440904.392250369
4683847.661791719
5343232.794313703
5996938.488465976
3652390.533682028
5418696.566110364
5819073.195820834
5852604.842965744
4826646.690757406
4374520.782804103
5113052.2270631995
4798088.126465035
5052691.432110076
5207190.34250449
5471817.333046092
5814510.034889643
5341478.31873381
5829021.864000717
4886401.708679127
4903283.007271264
4585730.79818865
4845685.2994467225
9023159.878844755
9284314.445710808
5304564.54738647
5783217.063560535
3193986.2322397707
3120789.419487469
4110129.3354057213
3656134.147553636
3064127.0476299757
3113862.9232090684
9666638.179381466
9631602.879748458
5128253.666836277
5052057.735434638
5556628.164036494
5295582.251494161
4998455.0267053675
4624895.878151862
5584868.260345651
5046345.424855272
9445929.812800854
9281863.266925244
5174255.53596294
4958214.473581224
7997926.250565356
7868954.7451819405
7612927.411396484
8295953.583460856
4541047.640783734
4748724.6728057545
4352662.598310241
4576169.453417861
4013160.330339652
4300675.93796328
4378884.516101643
4747786.256966552
5696771.403021032
5620405.604467677
5318642.578756242
4066623.134917505
3604296.7434665286
3454205.1118872343
3294099.0051687513
3135860.815098639
3572368.5206607617
3441568.016541335
10041923.830233136
11087046.509473912
5201147.732167513
5173785.957349182
4697749.369077813
4491647.287072619
4558358.38037194
4769731.19347666
8992118.990172833
8938505.02502864
8597990.536986422
8919643.877837187
12241741.53543682
12095454.7386305
4278842.107075685
4412519.546958508
4789571.188016134
4668989.643177576
4831481.515304535
6080288.274749841
5805472.914875031
6028374.0639408445
5990298.446279269
5495744.054919847
5251284.896559885
5244292.910907853
5413348.322128648
5554459.429122896
8265180.440521734
8415175.59094705
5192039.849270072
5221130.748418876
9842891.586833041
10010990.34374465
6064717.230544842
6217864.803541526
4495118.276224098
4665330.649393011
3822877.431770935
4010169.8635721407
4189661.503381688
4636073.327884097
2978736.8135441593
2941923.8555183318
6086573.332932337
6857835.028687357
5715224.983427219
6588357.821650482
10486977.872640945
10281242.909723647
5419086.224128042
4896453.070118775
5275467.222637124
4916900.9189209
5578078.998402337
4964208.023826941
5218796.227142441
5316929.302674003
4209430.777499054
4144463.964656764
9387724.845817246
9308782.87421032
9630761.426069556
9670942.058939032
5817624.129824373
5586506.241876532
5390185.645682279
5382192.356971181
4252641.048323864
4452572.8332922105
4559491.500086689
4964491.948183437
4429263.178822449
4836280.022630197
4663691.351844093
4629134.823873898
3031350.0466151345
2930270.259806042
4242163.596876075
4240532.214018988
7182360.312829735
7245023.095897675
7867648.627037276
7840468.515151242
7367623.007863689
7643337.666434833
5222477.211568529
4780996.297004096
9185223.997512475
9395801.598915767
8375696.248100651
9047794.78792708
3537613.9849627344
3983751.125187431
5168092.575243687
5056328.50589969
3372603.756403712
3853433.48785714
3029226.1674995543
2789944.36188237
6515029.989417208
5407621.708670998
8778077.581587207
8800105.81066799
3909284.0607975214
3555884.531801841
6663669.716981934
6823067.919067374
7699950.077431823
7867698.8634632025
7477754.356070032
7939631.163234652
8258161.716702866
8989839.878753921
4768989.5566907255
4570568.105108067
4327646.11284216
4289616.863353056
4663962.559518345
4484647.369545743
7980436.540867578
8844721.25614747
6770941.76186395
7106571.483345541
4372679.007568048
4813875.8424473675
4357956.128449522
4310904.91617381
4785242.474338858
4521232.674986392
4503927.80846771
4484542.781679504
4653938.533824839
4347438.700580493
4127974.93832644
4195561.270466984
6813415.761818511
7060665.723772907
7574726.528134166
8352430.604082205
8083144.493778829
9005428.913976029
5062954.117524024
5061147.97040188
4595143.272261063
4391179.510723749
3598576.6265343805
4787530.883261335
4621106.100460985
4469069.9915286675
5101606.758526512
5047944.886962053
4768777.044027723
4667735.677259201
4574281.142336635
4307311.3880615495
3923950.359265278
4894113.606386106
4525423.557445352
4435661.543587204
4786117.762907514
4727104.562424288
3990122.21490528
3953497.922678034
6487387.640455284
5464776.356984351
4234801.135109321
4433608.793082776
3506670.8987617916
3830682.02369623
4475671.304855381
4575982.790146378
4109925.0454538874
4137735.2717632162
4549614.413254226
4684944.838277837
3581097.5478720544
3819232.652381467
2688904.8100953586
4106910.8757560123
4093245.680637357
4153321.5695445407
2615593.553246941
4233484.789924989
3630824.7771072863
4176496.0765108205
2602043.3661134634
4041850.463666113
3959637.04286667
4640674.171417483
3909846.08449521
4542709.320461747
2383954.923176163
3117843.101033925
3770528.764164303
3759368.9153373986
2960342.6985405404
3129369.038142193
4430096.51309715
4569663.240645445
3243735.3824464194
3298858.522443586
2942820.7799315825
3254370.2668341063
3148415.3767837035
3150152.257701565
2852751.828404814
3270824.6905285376
3818350.44553141
4350616.081504822
4078605.796257136
4254939.880548085
2990283.343453672
3329155.049932249
3306339.862554058
3522039.225178161
3347564.399578315
3830050.9452980044
3490427.481356322
4028117.349089865
3294948.0870125066
3384319.139776654
2387106.463118003
3156204.594172149
3018632.9396387627
3077045.7832667246
3078110.2581297983
3281699.848198112
3313143.804048487
3214887.005561346
3115965.6015316406
3259587.230472433
2464431.574763972
3319115.6299901432
3155548.2016074695
3260826.3638527747
3043179.412759801
3026071.158755993
3456465.3814825676
3888698.6988261105
3839505.6134575848
4358167.331038929
3373886.750988374
3796293.5186853623
2487687.246859935
2477383.3849734236
2475111.2955926345
2884330.0118393856
3004707.693351775
3098290.257148246
2464623.5355031574
2677118.6161572044
3052087.4239965
3478571.604677798
4243695.806445428
4415897.632434173
2023820.3231689376
2084022.5692370702
3776220.015620813
4375644.480036354
3329397.3774090325
3355574.9263426615
3637417.284054277
3684198.187072953
3280363.476319124
3551691.3075228967
2811165.0410418604
2801209.1484899395
2893633.2742688702
2779607.4858676163
4555153.048673531
4550491.873601563
2440684.529101967
2471167.2214974263
2604592.5201681224
2504231.890213781
2665537.2203842103
2622884.6139270863
2692023.2251591682
2678939.4014731552
2473766.3741453993
2382659.315579453
2214764.718169451
2162146.5071192556
2052014.1668065079
2115347.4962825053
3174126.348342262
3405014.1635141955
2625698.8398660594
2622995.3287049453
3301694.1347858296
3714826.1250600796
2965441.0802586298
3036394.6773401713
2811416.4417719804
2752237.2800725386
2489672.7166126743
2537547.41135385
2293767.9553232444
2612440.8936142744
2669523.4015592574
2396948.8172780727
2034277.547433004
2056006.1270636579
2668921.142176889
2714614.332960969
1771691.3119404977
1828917.2023884787
1305864.5277957707
1438609.571033634
2229609.8197489385
2367231.695269832
2151503.110272517
2237303.528235911
2547324.8412634856
2623403.008646981
2489520.3929344877
2570570.368382018
3267449.172776462
3315329.802555642
2861396.164596999
2853736.4139888976
2487617.557771839
2617691.718403419
2436865.4565584604
2520644.9129206943
2060043.7256931022
2158637.5385163506
2872396.2379104174
2786854.1812276593
2083016.102634486
2075314.840426879
2494949.7142091114
2633508.2853764324
1246973.4331973859
1202564.1169368948
1964316.8883423344
2056345.2910199505
2069489.6431654133
2128907.4487739294
2819694.699763635
2650000.9032963244
1750913.2910785477
1612655.8694287578
2598090.9647111692
2676188.047914732
2649816.748725273
2722011.8262881623
2895133.097676257
2955546.7915657014
2906614.4984364104
2407447.6259852983
2126691.785378625
2158837.434527678
2275433.714249175
2197325.96191512
2043851.387432581
2219860.0736746998
1812592.9265480917
1811894.4274874732
2009337.6809134479
2026956.6633085166
2548843.244734792
2619510.9162057564
1953916.4583802386
2107374.3471617918
2231295.594557582
2547810.6903916057
1943742.8602069872
1754696.7828682242
1747308.5087818082
1808575.7006028995
2070601.9757672877
1892274.1506478107
2264289.6730183586
2018798.8775158948
2005067.7906525952
2045880.3602157722
2000886.8661736697
1955036.677044602
2039299.5314851261
2163756.293097823
2040750.864885117
1969207.790032967
1039663.8717117684
1180435.7920364344
1278934.2222026018
1208309.2602908027
2367816.921747199
2439434.901732565
2026438.3926365543
1911376.9838072343
1822306.9887469714
2245987.410790734
1522058.4725347175
1510817.0342110738
1680614.954711237
1952573.0620095814
1748487.1842600661
1824865.2927403746
766210.3135200765
794203.6289048439
1203268.070438922
1264917.155491423
3030884.343532776
3014544.6931375014
2409508.850387887
2478746.123441507
2650339.236613102
2593007.9949955055
1859777.2109134947
1957657.0938768652
1042162.6589717322
1077300.9732388132
1616107.120455909
1637670.0179433892
3142303.983619354
2875974.9998929077
1684741.168945032
1741108.3025555604
1359030.813511549
1323730.537912333
956228.8616365457
984863.171284778
1511691.518063647
1519055.3302485682
1627874.9303727148
1785902.5026248381
2682075.9281651448
2745426.6028760197
2753288.0718192207
2783864.578660213
2118369.477086058
2092970.7425047057
2848336.961235172
2717878.5506697604
1720747.7135162847
1738299.4204977225
1693275.638469913
1731167.5044588516
2056851.3910780018
1982896.92753683
3163888.833148112
3097561.4138841787
1914763.570216242
1976505.3636734153
2052272.2367149298
2128064.0275712027
1974195.6443194267
2000498.8413898926
1272475.9700006952
1489299.1170403399
1328362.5790487719
1372449.443248747
704281.0951362269
740784.2903092157
1949236.7453754167
1909402.571239902
1449982.742752327
1375949.5960854443
2767534.4872842473
2835849.616720653
2256663.3664516057
2213472.02788969
1847627.8592954606
1657083.7601558017
1074526.892932664
1091343.4322842464
1819596.8189985107
1909438.770784318
711169.376449902
771808.7794079706
1439786.5786011934
1496395.1668866088
792508.5294922153
633728.3366762258
1293493.241043699
1330101.7121850413
1536861.1944302246
1594126.465253434
1199988.9469790487
1156160.9975770535
2025581.7133749893
1988402.3291447805
939640.631800514
906059.1945593783
1110981.5081095393
1076216.399366307
1582510.1778840877
1871052.1878866234
1311956.7804922995
1352521.2978271765
1555360.870823735
1420546.5770140246
1163339.649682224
1113062.3759398062
1437955.7365678533
1657818.8718961673
739533.0411551804
741217.1014394715
822313.7346450716
957758.794537316
462671.19912727166
463947.7475784733
1012447.0303921746
997072.4931204072
867979.724832023
907633.3358502814
1422933.088058805
1486625.3460707837
906158.0160801882
878618.0587044463
1195708.468940222
1319040.8903385322
896629.9095093346
731477.6717561507
751558.088946348
864311.7285448222
1639242.9883192545
1901909.762554381
476251.9301148585
560500.7762275113
1476830.9334440394
1532861.5462421153
1067188.5713459146
863740.4513821043
1721814.8278321838
1590852.8504416342
760406.3414967387
732521.2598195041
643056.8276905129
605979.9823334756
837701.2362285139
644990.0743934088
820923.4696138991
816581.3719873229
503886.75493762305
490979.51710126974
1009274.4748058189
1081713.8602943285
808475.5329103824
778658.5401390167
498349.6912744262
519693.96135784814
677054.631359394
735789.4010839068
950637.5965890243
740188.4751597331
1324786.312056969
1327559.3858101694
612600.5801113616
508562.8268278432
400958.76781246194
473003.3801781461
240520.5173287525
254438.0445005489
1373957.6081613617
1360969.5960656712
866642.4936750602
745433.7278937759
1086373.7136980377
950949.648924761
1698774.814180936
1659808.688066038
860349.1818353737
733798.3350820371
767759.4388530572
804355.6649817242
1525146.510734938
1482816.263901079
1517139.5952712467
1385452.8385454789
719638.1630904838
696453.1540659835
998836.2672976028
950564.6641501132
748135.7481929576
777372.6433066882
1534409.3505230886
1552047.946374691
1084931.5506378128
1147273.2283279735
246014.76470594935
225598.74069009506
223959.46430761061
184329.49025591853
483243.12450308376
507031.42740491877
1207717.6844835463
1114555.1881497018
1395447.860081782
1437016.5072977948
2333177.7390872943
2438188.4937360664
518064.54392300174
521203.1994098321
139267.54899160855
136050.143889876
389854.5900940706
373104.1149663016
720839.6776360683
743355.2270318693
609018.7764965899
492830.75795834
483174.1225537301
519412.0668515027
394507.75239453086
348214.15719007165
730329.102763302
743526.9726426847
484085.0464494906
484411.00552133954
657883.2617917708
656292.2365670828
448141.7134824579
409179.0106753614
700434.6990613835
689492.6449036405
188783.32523143606
169177.3840517845
411204.5032249837
455210.0765628379
359947.8326191815
372872.9776721821
161711.16501301952
165848.8526824416
394546.2175467915
392733.2038942133
322611.65248366754
334857.4752494109
169514.33439058642
146027.4344955219
297780.43966479256
308143.22177571367
244706.22582047386
247303.16220797063
35156.82226541269
34248.238817210506
99832.575928499
95984.77350114184
443610.0044819019
437487.5268603079
54817.150964978384
60909.400146586384
127164.34834293312
130578.29902640289
275275.9719526398
280008.4641784283
272420.794179766
278116.7841908162
10595.49739590911
10017.205119368828
101740.81280847739
112875.35611748963
97098.77520017416
85143.7417600236
122283.74788892994
126859.86772211693
534443.9290834251
534899.7699592459
70038.90895980518
68292.03149950317
628.8300279165394
0.0
41681.40023418896
40056.15237922642
26675.923213788214
24749.762744494263
10441.029995376914
9361.624954245694
