0.0
752.3754061779421
1923.9301223384518
4509.875104396968
4866.564438014069
5452.2619456731945
6309.064559827611
7542.997725437501
10893.361828378289
9641.740950659012
19812.536895244943
13021.369637399901
17707.401932761975
17622.437039001117
19568.719971555525
20586.56737484665
22612.66469409206
25064.50692917069
19404.968293817765
17258.21140253749
26238.77736890976
24026.40817624209
45806.98322502245
58987.1426739479
36068.83040597155
41466.90970373771
61940.710427504644
66936.60525331061
210664.64992701984
132335.15963665675
57937.8040584445
52038.963172711214
54114.797383424324
49149.626987003736
57192.9497019853
51799.45116380754
57187.7796943423
55757.58344758878
55479.45637352335
53329.553899098326
63368.3636205202
70841.92540901253
74009.81527814144
84532.94996542216
83010.91229289563
79052.96258720299
71929.44432874637
85312.34825970614
97023.24745185446
126729.8218536505
113243.76482069108
138222.37949610423
151742.2441511189
139359.7045902454
147817.80648652322
163427.6880178586
146575.87743437308
127999.72517849125
145513.88191259027
129925.58857562972
124365.33702915083
109728.9806233789
111561.70853841929
112588.43828743999
183570.99776722945
185537.8357873131
215849.61010769272
201262.96639779402
132397.11395473828
105247.1036502529
140174.8148232602
124784.11722628512
133515.72056715738
120397.52837537552
125115.96999221611
114716.50244873797
156784.07063110828
125592.0187644863
144101.00052737648
145464.44459878112
175156.28001787027
178481.38682373645
289808.03833502525
324107.4998070336
128782.10115925103
128587.42117928999
207825.06437655707
200031.91042912
230278.1845199922
242650.95553140918
196391.81763610203
186344.76807895984
163214.30994777245
182188.64439744886
190927.30976835528
202253.03470744536
194528.66838019312
194171.74651944934
235843.0158224432
334283.7044046031
264169.03669335536
295545.6929379557
266505.6009707554
225199.4414673096
327514.1783389658
310143.12620561925
353209.5498375668
352195.9425271752
513437.2813328678
488163.75014551915
648874.9409751844
573244.8804521399
467245.20617010863
378080.6637161367
324301.8950767325
275535.3509730157
283539.68346055195
246875.8202784675
344714.9703173091
276221.432308725
278256.10947673395
273627.4322956444
286691.57585645467
262292.6556934169
273871.96467627794
232466.31562593725
310550.0504051644
336185.3934976971
391139.30766444094
372725.78106331924
426459.92733206274
438342.21018577286
411437.980359281
358628.11904251634
407307.14793805365
471479.76571210555
425455.77025966515
423979.3257174701
421720.55158872064
437879.6320584442
543504.2184335246
482611.29219708045
639170.0488113976
500095.4274607813
387909.98990793125
311331.17179935065
298612.71605201426
271913.3394060541
268291.12641303625
217497.22419881576
256348.1875236249
239808.12100886967
333737.3828149553
287212.6266655931
312500.6258068884
266993.88631304423
317200.5450566656
323317.2647026726
398471.2192193132
361158.188843977
446080.1751297259
404298.2692418869
491923.2044240106
400439.2929134121
472160.7977325942
391721.4025158873
362626.28199226205
288883.44473044534
297957.41167226504
341795.0737929247
2565455.4568245225
2482750.4823838775
402610.56920043717
465891.906254605
421591.9866484577
383888.19899978966
399903.13250050915
452473.3948695705
374631.76169940206
382013.4593896734
412027.38860967854
410545.5776647874
706239.3884200028
673768.1890083053
414172.8359700758
396740.56088774366
473629.95444985025
479254.11612173845
459613.4331853345
495796.41979727265
711521.4693132424
731844.3804090285
744278.6630726501
989093.5157183344
848593.9202965664
1072750.6713633097
590838.5209558945
608934.3436876202
578037.3659321752
572688.0202689765
766008.7483007882
841384.3991465338
824464.1488825209
853378.8904785581
1116468.454845026
1225045.8790583443
775384.6769002671
771267.214804307
751283.9233872406
829880.9959315022
832435.4544579439
724316.8332278087
906768.710930121
1045202.5923555365
839255.9017087123
914867.3322420996
992642.5651338631
1081564.261243422
702736.6548639566
664411.8201002255
596811.2757927489
552841.5693193423
677057.3126642057
554210.4526109274
689046.4323959134
601026.894391896
728508.347083107
618225.657649191
875170.6526057068
865836.2368728602
891087.3352538046
1004740.9576765408
905676.4053247985
747543.832646386
935203.4384112965
932898.2655819928
1128161.8148310909
1228796.5261912965
734314.9615738834
631799.5511332811
661813.0533306252
587122.0094786399
801911.8874835393
743009.2403361355
667253.8026683377
631085.0201827993
931411.7910097311
867180.2907037428
882733.3429150558
784088.0106917536
713039.3068560399
686511.214515287
858946.7522355482
824386.4789537394
866001.1076364635
788210.1944712733
1032208.1902325753
1067430.562366153
897042.8424633269
841363.7216235572
1171736.8639510248
1224415.173166396
1040512.0070040438
1007383.611608712
1012961.7810141379
897952.1063543283
967534.5900344099
769182.6090251401
893321.8279412523
778767.5840048452
851918.638953524
780821.9267989593
776026.3601588659
849199.7075702165
932281.3568175035
782130.0193053149
1036987.4823533823
881601.9052748624
801620.2107149416
732930.9366842188
768218.4993539966
703039.7085652202
1021869.4041329772
1127773.5631463318
1236938.6787909367
1102528.8484972713
1025239.7518956222
1042868.5906169626
1124442.8002723986
1266302.5253945095
1087043.018672646
976422.1440027236
929348.2382397623
871141.2766452619
855709.7108382164
741027.7382101052
1023605.4722007891
936015.9978513187
834724.9329164571
895258.0580803666
912644.2253968591
966207.3955745411
1041988.6071163183
1131094.6111695915
1445586.9840263866
1508016.1768882454
3346672.840272417
1687376.4519806677
1101889.0697069715
1029361.4631855511
1142203.754000265
1094629.008047604
1200594.0533276075
1146015.3923529377
1198744.7643384591
1168281.525128428
1140681.2209463448
1234088.341317113
1031577.8415862333
995892.4270198323
1133576.4355461164
1297551.1813226691
1285584.4675922426
1312432.8113481372
889684.7949748867
946374.523844407
1381765.3357869172
1555024.6096830845
1349355.121425787
1533542.518530463
1202847.0000015777
971720.3474505465
1226016.8657412918
1114491.044021018
1148296.555167982
1024809.834770015
1043684.1987491108
952356.5532126294
887003.248724169
1012229.5094597994
1183271.346289696
1134715.8828560335
1329363.5277286593
1207435.8108688262
1268903.3820564775
1192498.9877642586
948224.3886620445
1291978.40002593
1354929.3655490172
1408462.9113371354
941716.5112634283
1969425.291797447
1082970.118201545
1206504.0197708337
1529582.310382605
1500109.6636392316
1089337.7490690905
1162433.5354530206
1208343.4165686392
1429901.5564665217
1314623.392674997
1489622.7954530963
1208438.6478760461
1417573.3785245381
1209053.7844567858
1419510.6624817501
1693016.4506558608
1386981.2591915452
1278140.3645304695
1469690.7174345455
1324544.2368590026
1429907.3045178275
1269898.7568079154
1432589.923935609
1222693.9810673262
1283745.1954345906
1317957.4536356023
1323336.2354019962
1260761.6040356522
1338062.7882943917
2033849.6606901982
1350178.2959905108
1947281.2825189421
1433657.6162445792
1715524.6560320386
1233781.3933930781
2226895.8038232247
1166192.1727232458
7499294.431144488
3873821.8236910794
5112659.708155309
6693981.606541931
1410547.6758740728
1424893.944574039
1648507.152214702
1382659.8070527082
2004751.6390532118
1136031.7909121253
1865832.7605254198
1445695.5885360795
1441077.8282285538
2454229.412444994
5109619.903070009
5073261.027397334
6638250.22408311
7082409.388865768
6276628.852089901
6849711.385443244
6682148.495802546
6580066.2594901575
2081433.7562200916
2101633.815666186
2531065.2145570326
2555292.273018582
1311312.7571063065
1375483.5495966722
1940986.3964598835
2102133.7922700387
2112057.057397756
1761417.0759734202
1678686.91644791
1851584.8866927726
1346390.5718468495
1772904.5891217384
1364398.0781643158
1909210.376789797
1745430.7436913745
1520353.1916400283
2269594.8861688166
2033353.2871973463
2250352.303304244
2111837.657890525
2664682.2902881107
2824566.4977410533
2513337.2596419416
2547891.1469052215
3316077.687595939
2789690.0005585677
2699392.3404272646
2801884.1561814314
6156989.483092877
7584825.801720823
6278488.349565097
6835648.425446723
2890636.185267835
2440677.6402992145
2076122.904456512
1712816.7044311212
2067120.840618115
1902494.2542105762
2225378.055703176
1719409.4611006863
2527863.436002654
1915177.3085582384
2614426.3782469532
2338550.9110389426
5479011.8108560415
5231966.088433499
5119825.962955328
5022918.616287811
4782190.916444491
4745741.110379199
5737767.017103785
2926416.4531410434
2401911.7322799712
2222227.9322790685
2470649.4973978326
2599333.5598450373
2776024.4215405663
2951694.629635745
2733935.8359841886
2972809.5912510864
3524135.2554714666
3602933.39467683
4907058.340039616
6953155.189871701
2031026.2829645448
1962688.849779246
2157988.8408968877
1462379.8417517368
3144588.9405221203
2465982.129297469
2767212.1536955778
2777105.224224674
3039497.959193875
3286199.8290470135
3254061.687229491
3422327.3144722614
3230425.6953118667
2983665.5815273044
3209079.635026307
3054336.124184626
7644773.551500778
7874898.893640348
3321749.736574438
3595233.5948359137
2335577.70285672
2109215.712264384
3669268.9286631173
2521060.8860588954
2387140.2522738553
2250410.7597715384
10413239.47914841
10473010.155626575
3061380.525605901
2618027.4557529064
2494245.072434507
2343121.9495833064
3381257.9983671363
2962848.958799351
3195276.696711464
2370444.576664189
6133001.104914112
5916816.700145799
2735540.1829717862
2335448.1222088616
6791242.127823798
6616907.7749293195
7045247.211458436
7604915.530888946
2822676.181225236
2818371.267108189
3283468.510144168
3159802.126276103
2623676.7842649277
2811516.7420549723
3216685.0513599426
3885929.427583106
3266091.2347556315
2969447.9431790872
5333460.257671576
2709746.687884789
2916732.8392253174
2939213.6852991115
2727588.285252816
2614165.691449262
3029096.451056716
2449424.7576735257
5674332.108550853
6190352.535673621
3244140.2243124424
2795157.711756717
3638150.2416412346
3000026.934907507
2751039.526971165
2971852.53370638
6376871.553455514
6230929.271151458
5464114.668210194
5661724.303171556
6225216.5016198
6207871.772068569
2564755.159139237
2566441.0260852794
3501303.0897511197
2908273.5549117955
6356355.753792522
7636626.111444896
2676339.776143889
3045361.1672956017
3080884.05005414
2487652.4964661137
2226083.353272007
2523561.8064410524
2919380.7813301035
2976794.702653166
6985403.201719888
7094794.932430408
2382249.9220789038
2198458.2407561094
6444617.238052167
6665993.346722751
2709025.2899844465
3294410.825183904
4038161.358610795
4350629.800198003
3833513.5039898437
3801211.4234904135
4105103.4378954107
4693330.306491965
3798146.011848031
2928561.892526489
7426741.088290055
8327655.188547291
7457954.842426243
8482441.525639914
9724471.708548926
9541552.464489631
4123709.2732951106
3268489.3058804204
4230245.778402664
3164447.108555828
4026400.0399772404
2814179.981620431
1811282.530435301
2044823.6405472208
3212254.563785948
3191093.540653057
6000344.877052048
5914716.377068804
5660013.765937519
5569129.905629196
2729154.245276802
2298758.2592141866
2077725.9676640145
1828645.452496308
3567481.1441063355
3447935.4356630314
2900453.6558961025
3496009.264054613
3655536.206593441
4122624.9029226257
3371004.5911249164
3059768.116543068
4136721.771102963
2985713.6449929043
2938266.453597661
3179170.557191501
7716278.275439334
7735509.345293402
7076355.059957335
6979658.537504706
7208715.873876515
7394746.852603966
3272652.538669097
2502196.430295001
6418761.7438146835
6484323.00855624
6151761.050563304
6627458.765070915
3281309.7015831224
4109196.934980785
5266123.294863352
4343471.464641867
3318377.356658916
4444271.427028257
3695115.99970386
2823230.2820878187
8461110.415608548
7179149.693861027
10734305.825594842
10837197.416908924
3048140.7904939493
2777456.8688847846
7440629.574645496
7622656.644033276
7400830.765255571
7519413.909705594
6337021.007759811
6623115.968169539
9550420.37128325
10366135.097358197
4469900.5627767155
4287579.47451457
3288071.835967907
3313060.5317757456
4347490.986880211
3838052.1684460724
9181602.338605812
10158017.499118788
7252963.094967238
7523088.880704586
3833928.098214848
4477488.923311025
3673828.190442777
3568169.85689103
4444038.655227425
3790537.5232370207
3713773.611319513
3405643.2449176493
3736846.810977478
3420490.4974608724
4024842.4047828256
4195077.012869665
7594479.090128318
7856902.3345787665
8831550.761449384
9741775.432993218
8962855.038957888
10087949.441316443
4914089.24067641
4261445.091437813
6959613.538957129
6606275.559937929
5718767.064070405
7265750.748741044
6862333.469945723
6759235.253899109
4800018.588742677
5332685.119081587
4105194.6661507315
3907242.419408822
4736107.541528331
4150274.5175518207
6145093.993410669
7335542.617001241
4467552.615232839
4303699.09202487
4958447.338115558
5451366.631522726
4781686.387569436
5211748.771196019
8471318.7694235
7258635.870018725
3979021.5139535186
4425817.895983757
3989221.1552794897
4658224.364654044
7278494.9711666275
7295783.495053945
4671361.018006326
4889931.303201121
7408740.316759115
7472140.2080893945
3905787.829475856
4387787.563896522
3752380.6020808183
6331370.399952687
4469143.354293658
4717692.592845723
4294001.122479853
6659336.616644618
6170551.196143853
6887984.287341007
3973961.0468113357
6257610.552679306
6513630.703622074
6957106.76845433
6592068.99435314
6888078.44628866
3678574.447890228
6016723.632163182
6542796.914352342
6443185.8068481255
4625229.665177034
4481575.020491708
7077532.975607581
6980795.719383883
5848181.634250881
5819684.899282007
4226061.074820727
4232731.620742347
5757961.731895425
5709551.822053621
4164219.195140428
5021821.2834874205
6232343.908757113
6826906.290101055
7126117.948982366
7116253.341328469
4018981.6535601816
4541951.426111851
6263839.667517817
6475159.019090569
4363640.287537761
5291736.978834191
6231205.23873103
6868665.56373469
6322206.43543526
6164555.720435223
3859301.424768258
6083125.333453966
6204637.82568581
5747660.709252434
5926208.344406429
6085072.57360572
6431725.93644055
6083216.6302613
5966381.534837106
6014141.459950793
4756846.720483037
6873109.461919438
5682909.765183509
5745483.487689223
6694792.800058363
6388111.414129687
4481040.755015215
5275499.951186448
6463524.659297746
7056696.821973755
7416739.177881191
8106741.438052774
6644745.930093348
6415285.20579816
5186288.049390577
5735480.975413477
6345478.036131805
6344626.251537949
5463296.479929263
5690849.677169867
7108031.0357487695
7822154.266784932
8733180.19554377
9053406.97172898
5600169.055048823
5650640.451081727
6342429.613911242
6998459.882306639
8134498.827585978
8191805.693241101
6612777.80975697
6638976.042825034
7303977.495887544
7755330.449639136
6727000.570100225
6283018.06170464
6013759.787850201
5660947.929938246
8348826.423211251
8362381.413586593
6794847.161477691
6730558.064660614
7121665.828817364
6787613.869949996
6789121.118481059
6476994.179077163
6329320.797816472
5716281.785054692
6864010.14217554
6496401.398372056
6387910.87002223
6182206.222537046
5613410.431213292
5694505.9933644105
6134332.839720929
6398867.812687942
6404976.434740095
6099026.583916416
6134651.157504185
6585020.035780958
6590436.623414254
6522211.060120415
6732814.606614439
6394700.609313133
6704567.549349991
6787642.431845824
4418510.215835421
5646825.842796767
7426088.164400533
6626861.240903191
7760824.800704481
7903322.233553421
8083966.388580829
8127437.114329907
6223338.191308705
6418694.433967055
6814354.553871565
7552239.495105429
6281746.648125118
6371027.604359578
8235119.73163785
8601475.474498887
7857032.609362455
8098206.236882223
7538637.9664873015
7786890.360291325
7754578.51189935
7836329.577796176
6724774.152173091
6665774.907509291
4751168.210522674
6137646.903898761
6648962.352367656
6507846.927114269
7749502.117859337
8172504.10805718
8185242.257379366
7934089.614756938
10635731.290659122
10568472.863598607
10522359.512656052
11079281.837388754
6600416.005238181
6367836.7593681775
6918875.509878594
7107509.707473583
6077229.448764633
6232508.690108151
7008673.255629439
6289768.844892686
7125639.187896987
6441427.50952103
7727174.108876655
7948409.843473168
7835332.813127826
8033805.130176478
7840325.201416789
8002287.727171519
7413109.119462991
5116308.673522545
7212489.559937537
7128346.919555288
7184618.17967849
6836213.604696247
5557480.920616534
6951431.091236737
7152605.575680315
6973783.252430517
6350330.638149967
6360441.154472689
7000788.995712277
7176269.1641502455
4182105.686218951
4972820.527368923
4691743.665593731
5845064.973971946
8753052.94049415
7971725.512399062
6540932.671411321
6752877.392708844
8508589.72961355
7745705.099803055
6913280.716882088
5957915.877639925
7047885.499780772
6921854.324636016
7244831.038440445
6996924.012712764
6915626.173087125
7199861.606076145
7322518.99612252
7111895.243962385
6146654.907488248
6971798.383894265
6647526.261939172
6309759.327715794
8379711.842492983
8603657.185719114
7477954.660907976
7191198.650232058
5329334.944813865
7062227.155149011
8034960.723544845
7966354.838908318
4161562.221219247
5418092.787659243
6835194.465475327
7108241.133079281
7726759.228189015
8046805.709694313
6300582.069266491
6605389.96140697
7750618.740669997
7936085.581089081
7626814.639360597
7750196.260163605
6378631.865962449
6098862.492899704
7113435.776991894
7444994.669554403
7011813.9333262285
7275533.533433315
7679557.400825221
7799822.233610633
6774769.882393936
5847149.928458665
7500539.907181719
7611440.679794492
8601524.371654682
8384166.955021006
10089320.1131799
10656217.678287532
7615008.66704384
7479373.420784963
8077443.909868177
8826383.366797393
7863262.95716104
8265089.491064362
8249809.85057323
8293683.646354867
7951738.093243247
7926284.572095443
7799695.164105834
7377733.266885698
7155678.599763779
7043726.93284555
7424454.089476756
7577733.568805052
7308978.112876521
7146952.22516659
8163229.952867784
7843268.318162071
7815923.325742702
8013707.904674992
9406578.828015525
9721657.485112274
7345920.329532562
7352140.280590368
8437983.754975986
10416272.388836347
6566793.64633343
6720031.94362974
7129581.276946075
7745606.576094056
8425222.39397943
8327505.299137723
6725043.700323267
6304616.751813646
6716160.222108974
6767299.747586549
6792543.508170871
6455764.04917031
8117326.294391144
6256590.305988128
9356816.615095872
9573363.413052825
9829751.395600941
10286171.235606743
8896133.45951764
9790347.460903596
6593386.915078346
6782707.371541135
7697380.6806584
5675725.469295487
6832162.829124285
6985021.878694458
8152135.764608286
8501324.288510818
8072742.405927836
7777009.840473912
7617261.80397738
7611008.861180714
6470108.094401356
6265475.795820259
7484286.617463579
7210471.686394785
6085474.802194792
7697288.571971344
6504726.412735677
6672230.8087518085
9731371.124774735
8546846.813076723
6932871.5280603
6547245.00427713
7612363.287802405
10158225.110969443
6846752.202353159
6902646.715621535
7260326.538756322
8348292.425978693
6925505.790363644
7004852.773697523
7421482.171543224
7303176.887400383
7121307.650895687
7628830.104918177
7359394.065240903
7649148.975740964
7700216.0252910815
7564666.20956503
8743899.835333439
9813588.104751997
6725350.721857758
5389044.723830729
5539821.58432203
6451209.576805823
5386665.53185539
6830749.114097286
6074841.976410467
7501612.561183363
7599119.226902143
7828257.5659165
7612940.549061047
6033560.527670026
8424699.61707088
7922151.5886549
7932464.113254905
7610369.480865299
6759590.999656646
6313066.886017939
7544357.805880302
5663832.3308924865
8959716.413448416
8868637.501537308
8342308.68026741
8100373.305296452
8736661.819436818
9417797.161585797
8959689.705594296
8547015.687202211
7787745.4385785535
8209933.090200085
8808083.887731344
10067916.088674415
7125719.892468017
5100277.827080056
8655046.873761442
8716802.532649992
6855547.214592184
5576346.517649479
5785279.953998639
7355964.14500295
7476193.377411829
8176187.062545479
9226673.795421941
9206371.259946948
8002045.129049315
6707748.610811941
7990189.229173742
6838794.029623767
7754936.982631097
7409004.778263369
6757455.445180649
5662886.428739855
7138648.027036572
7626346.899293888
9223091.483499825
9018003.666804401
8914965.152181154
8354805.428702921
7323832.997937182
7039004.21612045
7214308.002004705
6822334.430048535
8822015.766402725
9141002.32487803
9347579.99480181
9289282.7040753
8769875.038254937
9839857.647669926
7176529.715968142
6776539.336863673
6481671.031681921
5280512.332415666
7402684.9904382145
8007298.165220958
9145018.331636585
8434775.766451664
8490827.954345329
8788724.021246072
6694377.598763151
6870755.231000118
8966692.302183937
8998234.689510154
7294922.877359391
7916519.201146586
11620111.69398893
11203137.488402076
11462581.914643057
12008203.188656375
6743264.83906376
5395826.245849593
7233527.259468205
8039695.376482301
8002888.4579670075
7255357.485772285
9145250.615587858
9241074.227936592
10716792.72370282
10747978.958985252
11272392.909884233
11301278.80308997
8258680.439204728
7594898.941310162
8710561.932356767
8549665.383264137
10651506.33153793
10168045.37103581
7413846.635722352
8366961.738446821
10334290.254147448
10703915.63232073
9292761.603293307
10375627.771761803
9439694.559301844
9458305.549418937
7449652.471107581
8199568.744400301
11607093.924970359
10116459.522872008
7938183.188530039
8002656.001330541
7167231.498159736
7199288.392666576
8070950.925945319
7931405.234408262
8154056.13380721
7963458.463943637
9187230.79625624
9075347.92534607
8244258.581417926
9069038.857192343
8437732.355076674
9104173.307493882
8086192.339541772
8415568.032139419
8086333.40340073
8480661.981634272
5734631.390636781
5647832.714821931
8896991.64320868
10088677.59144854
10357709.922719285
9184346.019032924
8905559.129175382
9248397.667560242
9017856.134634085
9031802.418666046
8250615.971888601
8483324.87462893
7316730.196253527
7668405.873818355
6133629.314381733
6047133.124807573
7305010.253870187
7370199.286724021
6057905.799242129
6069843.484604617
